1000 0.231415584199
2000 0.263163596704
3000 0.286288855048
4000 0.291716344666
5000 0.29185810752
6000 0.312679700838
7000 0.30849240262
8000 0.310212049076
9000 0.319736820998
10000 0.307809306777
11000 0.318173038035
12000 0.320063909154
13000 0.340769141412
14000 0.309546484884
15000 0.325074830205
16000 0.325494695594
17000 0.339700968662
18000 0.326464746509
19000 0.321179240829
20000 0.322017257789
21000 0.330559775095
22000 0.331204395442
23000 0.323934925353
24000 0.320760257783
25000 0.329235140673
26000 0.33416065066
27000 0.32540786869
28000 0.324558608106
29000 0.330425247683
30000 0.325409430572
31000 0.330336674091
32000 0.327986610433
33000 0.330845752279
34000 0.323806991039
35000 0.329998795396
36000 0.322483059384
37000 0.325201986898
38000 0.327310797141
39000 0.331882532998
40000 0.322299218321
