1000 0.0320651055339
2000 0.0331589577978
3000 0.033641066726
4000 0.0342802612983
5000 0.0339508913416
6000 0.0337965848725
7000 0.0346031440182
8000 0.0340021090895
9000 0.0341892123499
10000 0.0340875347987
11000 0.0345032272151
12000 0.0345216886865
13000 0.0346332052241
14000 0.0346613424291
15000 0.0343250611588
16000 0.0347104903263
17000 0.0343468629609
18000 0.0343794681711
19000 0.0347420552866
20000 0.0343106994386
21000 0.034552832104
22000 0.0346059593435
23000 0.0344498296741
24000 0.0345667472537
25000 0.0344412752483
26000 0.0344708627549
27000 0.0346208330833
28000 0.0344030331218
29000 0.0343409367473
30000 0.0344871098131
31000 0.0345473090211
32000 0.0347656705051
33000 0.034712742471
34000 0.0344729288394
35000 0.034723954424
36000 0.0342613879672
37000 0.0346223137999
38000 0.0346716307764
39000 0.0344714723914
40000 0.0344014946516
