1000 0.165810579421
2000 0.19757739935
3000 0.207629936754
4000 0.211034039367
5000 0.213008065375
6000 0.211125434953
7000 0.219615057233
8000 0.22413274933
9000 0.202196411897
10000 0.222013222551
11000 0.220446692592
12000 0.219182112114
13000 0.225297078889
14000 0.222574000032
15000 0.232789898117
16000 0.227343533642
17000 0.222583437361
18000 0.227952658209
19000 0.229303668581
20000 0.227051283417
21000 0.223553839607
22000 0.225100179273
23000 0.235325445203
24000 0.23474760557
25000 0.227476205507
26000 0.228012682055
27000 0.225236336257
28000 0.223607850754
29000 0.225498570245
30000 0.227556700056
31000 0.23060068066
32000 0.233295103781
33000 0.232553979447
34000 0.232604603479
35000 0.236285518893
36000 0.232807995836
37000 0.224466246162
38000 0.230520574108
39000 0.23129900625
40000 0.231071763564
