1000 0.0601220479793
2000 0.0646878724571
3000 0.0674330746673
4000 0.0733831257417
5000 0.0715085965714
6000 0.0747798775009
7000 0.0730606905306
8000 0.0745072662086
9000 0.0758874529961
10000 0.0743556682887
11000 0.0755637074533
12000 0.0747325510075
13000 0.0756342467146
14000 0.0743717634139
15000 0.0749894829949
16000 0.0755553122786
17000 0.0770035487821
18000 0.0755187719969
19000 0.0758576635768
20000 0.0776829961558
21000 0.0753454646841
22000 0.0756216805521
23000 0.0768974491931
24000 0.0755057075525
25000 0.0754685272547
26000 0.0743429088259
27000 0.0760587725605
28000 0.0771283788114
29000 0.0757220917814
30000 0.0749246629579
31000 0.0775309871273
32000 0.0775693888648
33000 0.0761868184918
34000 0.0764758163058
35000 0.0766635186514
36000 0.0760805797977
37000 0.0735368830677
38000 0.077056500801
39000 0.0766109229137
40000 0.07605444382
